7,14,6,3,11,9,4,15,12,8,2,5,13,9,12
4,13,4,6,14,9,12,1,5,12,1,14,15,9,2
3,4,14,12,7,10,4,5,3,11,14,15,2,6,8
8,2,13,9,15,12,10,9,3,7,8,4,11,4,6
14,15,8,3,6,14,5,2,13,15,10,8,4,6,11
11,12,5,8,13,15,1,8,6,10,14,9,7,12,1
2,7,9,4,2,8,8,13,6,14,12,14,5,10,1
2,3,1,12,12,13,15,13,10,14,12,2,9,7,9
8,10,11,9,7,4,11,1,8,13,7,10,14,12,12
7,1,15,2,4,5,7,10,8,9,3,12,6,11,13
15,1,2,11,3,3,9,4,1,5,11,13,9,14,10
10,11,9,14,2,6,12,7,9,3,5,13,8,2,15
6,3,4,10,5,11,13,7,7,6,9,3,1,15,14
4,8,7,5,1,1,6,11,14,12,4,10,3,13,15
8,5,7,15,10,3,2,4,2,10,6,14,9,8,9
