6,3,11,9,6,4,13,15,6,10,15,2,1,7,12
7,14,10,6,14,9,12,1,2,4,13,8,13,5,15
9,6,4,5,14,9,8,7,3,8,11,12,2,8,6
9,11,12,1,2,15,4,3,10,5,8,14,7,13,15
2,12,6,10,13,11,9,7,12,11,14,15,14,1,5
11,13,15,10,3,12,8,10,14,1,9,9,5,1,4
2,13,3,2,11,2,5,4,8,7,7,1,6,14,12
5,12,14,3,7,2,1,15,6,8,3,13,12,11,10
1,5,9,14,5,6,12,2,7,15,12,7,4,3,11
3,4,10,3,9,15,15,9,1,6,6,10,8,2,14
10,15,1,8,14,14,4,9,7,7,6,3,4,12,15
3,9,6,4,5,4,6,8,15,14,2,13,13,10,3
12,7,7,9,2,8,3,14,5,14,14,11,13,4,13
14,6,13,12,12,11,2,5,11,3,1,9,10,15,7
4,2,8,15,10,13,7,12,9,10,14,6,11,13,8
