9,13,12,5,2,15,3,6,6,14,10,10,7,4,12
6,15,3,15,5,4,7,13,7,1,9,8,8,2,6
8,15,12,3,2,7,6,6,4,1,13,2,10,10,11
9,9,10,11,6,2,12,8,12,3,5,9,13,15,7
15,9,1,3,4,8,8,10,9,10,12,11,6,13,4
14,8,11,12,5,1,10,5,9,2,8,7,4,9,13
9,3,7,9,13,11,4,15,2,8,1,12,6,5,7
5,10,4,6,2,12,6,14,15,9,7,15,11,11,1
3,2,8,10,1,11,7,12,6,9,3,4,5,14,15
2,11,12,7,8,15,13,2,15,5,14,7,1,6,6
12,7,13,8,11,13,15,1,14,10,3,5,6,2,4
7,4,6,11,9,14,4,7,1,12,10,13,3,12,8
11,5,13,7,10,7,14,9,8,15,4,1,3,2,2
7,14,5,4,15,3,6,2,13,12,8,6,9,11,10
7,11,4,13,14,14,1,4,10,9,6,9,5,8,14
