1,14,10,2,11,13,8,12,4,7,3,5,10,6,10
7,6,4,10,4,9,3,8,12,5,5,2,13,11,4
12,5,15,6,3,1,13,8,11,1,1,15,12,10,2
15,9,5,15,8,11,10,3,1,2,4,14,11,13,7
2,1,13,11,15,12,5,14,10,14,2,14,3,15,6
4,2,14,1,13,12,1,7,10,9,11,15,2,8,12
9,7,5,4,6,1,11,12,8,13,12,10,5,9,3
11,11,9,3,13,10,12,1,10,4,8,6,1,5,14
8,2,7,15,2,6,9,11,15,1,5,3,11,12,15
5,8,1,9,14,4,15,11,3,3,13,9,10,2,1
1,2,11,12,15,7,1,6,13,10,14,9,14,3,12
6,12,8,5,7,15,2,15,3,14,10,13,4,9,11
3,3,14,7,8,4,6,5,14,6,10,1,15,9,6
10,13,6,8,9,3,7,7,5,9,11,15,14,4,2
7,12,3,13,3,14,7,2,9,15,7,11,1,11,8
