5,8,10,9,4,4,12,15,2,3,5,7,2,11,13
6,5,7,4,2,1,14,9,10,13,4,8,11,15,3
14,2,3,7,3,8,1,11,13,9,5,14,15,14,12
14,1,5,5,9,15,6,7,11,4,10,14,8,12,7
15,8,13,12,3,11,4,5,14,14,2,3,15,7,6
2,10,1,15,3,7,13,4,5,12,14,4,13,8,2
9,9,4,7,15,1,13,12,6,10,9,2,6,14,1
12,5,5,3,5,9,5,6,8,9,1,10,5,13,1
7,6,15,10,5,2,9,3,5,11,10,9,12,1,14
8,4,1,13,11,6,3,12,12,15,14,5,2,10,1
13,11,2,6,8,13,5,7,10,1,9,8,14,10,5
11,1,12,10,14,4,15,3,4,8,7,9,6,3,2
13,15,7,14,8,12,7,2,11,6,3,1,5,4,8
7,13,1,12,7,10,2,8,3,6,6,15,11,9,5
9,3,8,4,1,10,5,2,15,7,12,8,10,6,11
