y = [
[ 1 1 0 1 1 1 0 1 1 1 1 1 1 0 1 ];
[ 1 0 1 0 1 1 1 1 1 1 1 1 0 1 1 ];
[ 1 1 1 1 1 1 1 1 0 1 1 0 1 1 0 ];
[ 1 1 1 0 1 1 1 1 1 1 1 1 0 1 1 ];
[ 0 1 1 1 1 1 1 1 1 1 1 0 1 1 0 ];
[ 1 1 1 0 1 0 1 1 1 0 1 1 1 1 1 ];
[ 1 1 1 1 1 1 0 1 1 1 0 1 0 1 0 ];
[ 0 1 0 1 0 1 1 1 1 1 1 0 1 1 1 ];
[ 1 1 1 0 1 1 0 1 1 1 1 1 0 1 1 ];
[ 0 1 1 1 1 1 1 0 1 0 1 0 1 0 1 ];
[ 1 0 1 0 1 1 1 1 1 1 0 1 1 1 0 ];
[ 1 1 0 1 1 0 1 1 0 1 1 1 1 0 1 ];
[ 1 0 1 1 0 1 1 0 1 1 0 1 1 1 1 ];
[ 1 1 1 0 1 1 0 1 1 0 1 0 1 0 1 ];
[ 0 1 0 1 1 0 1 1 0 1 1 1 1 1 0 ]
]
solveTime = 0.25300002098083496
isOptimal = true
