y = [
[ 0 1 1 0 1 1 1 1 1 0 1 1 1 0 1 ];
[ 1 0 1 1 1 1 0 1 1 1 0 1 1 1 1 ];
[ 1 1 1 1 0 1 1 1 0 1 1 1 1 1 0 ];
[ 0 1 0 1 1 1 0 1 1 0 1 0 1 1 1 ];
[ 1 1 1 0 1 1 1 1 1 1 0 1 1 1 0 ];
[ 1 0 1 1 0 1 1 1 1 0 1 1 0 1 1 ];
[ 1 1 0 1 1 0 1 1 0 1 1 1 1 0 1 ];
[ 1 1 1 1 0 1 1 1 1 1 0 1 0 1 1 ];
[ 0 1 1 1 1 1 1 0 1 1 1 0 1 1 1 ];
[ 1 1 0 1 0 1 1 1 0 1 0 1 0 1 0 ];
[ 0 1 1 0 1 0 1 0 1 0 1 1 1 1 1 ];
[ 1 1 0 1 1 1 1 1 1 1 0 1 1 1 0 ];
[ 0 1 1 0 1 1 0 1 1 0 1 1 0 1 1 ];
[ 1 0 1 1 1 0 1 1 0 1 1 0 1 1 1 ];
[ 1 1 1 0 1 1 1 1 1 1 0 1 1 0 1 ]
]
solveTime = 0.8680000305175781
isOptimal = true
