y = [
[ 1 1 1 1 0 1 0 1 0 1 0 1 1 0 1 ];
[ 1 0 1 0 1 1 1 1 1 1 1 0 1 1 1 ];
[ 0 1 1 1 1 1 1 1 0 1 0 1 1 1 1 ];
[ 1 1 0 1 0 1 0 1 1 1 1 1 1 1 0 ];
[ 1 0 1 0 1 0 1 1 1 1 1 0 1 0 1 ];
[ 0 1 1 1 1 1 0 1 1 0 1 1 0 1 1 ];
[ 1 1 0 1 1 0 1 1 0 1 1 1 1 1 1 ];
[ 1 0 1 1 0 1 1 0 1 1 0 1 0 1 1 ];
[ 1 1 1 0 1 1 0 1 1 0 1 1 1 1 0 ];
[ 0 1 0 1 1 0 1 1 0 1 0 1 1 1 1 ];
[ 1 1 1 1 0 1 1 0 1 1 1 1 1 1 0 ];
[ 0 1 1 0 1 0 1 1 1 0 1 0 1 0 1 ];
[ 1 1 1 1 1 1 0 1 1 1 1 1 0 1 1 ];
[ 1 0 1 0 1 0 1 1 0 1 0 1 1 0 1 ];
[ 1 1 1 1 0 1 1 1 1 0 1 1 1 1 1 ]
]
solveTime = 3.6500000953674316
isOptimal = true
