y = [
[ 1 1 1 1 0 1 0 1 0 1 0 1 0 1 1 ];
[ 1 0 1 0 1 1 1 0 1 0 1 0 1 1 0 ];
[ 1 1 0 1 1 1 0 1 0 1 1 1 0 1 1 ];
[ 1 0 1 1 1 1 1 1 1 1 1 0 1 1 0 ];
[ 0 1 1 0 1 0 1 1 0 1 1 1 0 1 1 ];
[ 1 1 1 1 1 1 1 1 1 1 1 1 1 1 1 ];
[ 1 0 1 1 1 0 1 0 1 1 1 1 1 0 1 ];
[ 1 1 0 1 0 1 1 1 1 1 1 1 1 1 1 ];
[ 1 1 1 1 1 1 1 0 1 1 0 1 0 1 0 ];
[ 1 1 0 1 0 1 0 1 1 0 1 0 1 1 1 ];
[ 1 1 1 1 1 0 1 1 1 1 0 1 0 1 1 ];
[ 1 1 0 1 0 1 1 1 0 1 1 1 1 1 0 ];
[ 0 1 1 0 1 1 1 0 1 1 1 1 1 0 1 ];
[ 1 0 1 1 0 1 1 1 1 1 1 1 1 1 1 ];
[ 0 1 1 1 1 1 1 0 1 1 0 1 1 1 0 ]
]
solveTime = 4.236999988555908
isOptimal = true
